0,516
0,515
78,4
78,3
78,2
0,514
78,1
78,0
77,3
77,2
77,1
77,0
0,513
76,3
76,2
76,1
76,0
75,3
75,2
75,1
75,0
74,3
74,2
0,512
74,1
74,0
0,511
0,510
0,509
0,508
73,4
73,3
73,2
73,1
73,0
72,3
72,2
72,1
72,0
71,3
71,2
71,1
71,0
70,3
70,2
70,1
70,0
69,3
69,2
69,1
69,0
0,278
0,273
0,270
68,4
68,3
68,2
68,1
68,0
67,3
67,2
67,1
67,0
66,3
66,2
66,1
66,0
65,3
65,2
65,1
65,0
64,3
64,2
0,9
64,1
64,0
3,2
3,1
3,3
10,266
10,115
10,296
10,237
10,94
10,160
10,246
10,1
10,28
10,2
10,3
11,26
11,21
11,27
11,10
11,25
11,9
11,1
11,20
11,2
11,3
9,7
9,6
9,1
9,4
9,2
9,3
8,17
8,11
8,16
8,12
8,1
